% compassObs.txt
% 
% This file contains heading observations taken from within the stage simulation.  The
% observations are decimated and Gaussian noise with standard deviation of 0.25rad has been
% added to the true heading.
%
% time(s) time(micro-seconds) heading(rad)
1115116000 462817 0.410215
1115116001 487858 0.164420
1115116002 516103 0.367827
1115116003 538422 -0.206701
1115116004 561256 -0.131999
1115116005 590829 0.250516
1115116006 615675 5.891497
1115116007 640592 5.704446
1115116008 665356 5.932637
1115116009 684472 6.099870
1115116010 715160 5.818492
1115116011 740087 5.441744
1115116012 766044 5.304933
1115116013 790882 5.079447
1115116014 814145 5.436103
1115116015 838995 5.623742
1115116016 863795 5.252064
1115116017 890481 5.172335
1115116018 913379 4.691883
1115116019 938211 4.727375
1115116020 963026 4.414712
1115116021 988137 4.575403
1115116023 13070 4.419878
1115116024 38714 4.628044
1115116025 62585 4.884713
1115116026 89024 4.792129
1115116027 112266 4.317090
1115116028 138705 4.538326
1115116029 162019 5.209469
1115116030 188395 4.477876
1115116031 208452 4.655095
1115116032 236465 4.101457
1115116033 373125 4.230150
1115116034 603701 4.239604
1115116035 925663 4.362545
1115116037 155874 4.437058
1115116038 488375 3.617747
1115116039 726890 3.981641
1115116041 51992 3.601538
1115116042 279903 3.517801
1115116043 620391 3.571323
1115116044 849433 3.626836
1115116046 72173 3.281018
1115116047 97020 3.238982
1115116048 129261 3.158780
1115116049 145701 2.980945
1115116050 170546 2.153360
1115116051 203266 2.585758
1115116052 227281 2.544651
1115116053 252283 2.648132
1115116054 276382 2.285727
1115116055 294202 2.291681
1115116056 319848 2.151088
1115116057 349723 1.334474
1115116058 374560 1.478836
1115116059 399467 1.439990
1115116060 424363 1.734977
1115116061 449178 1.670565
1115116062 468674 1.348010
1115116063 499097 1.342801
1115116064 524609 1.825813
1115116065 549527 1.768195
1115116066 568489 1.429019
1115116067 592911 1.234875
1115116068 626044 1.478180
1115116069 651648 1.573161
1115116070 677546 1.125737
1115116071 702947 0.845817
1115116072 717959 1.257019
1115116073 742759 2.031069
1115116074 777481 0.735999
1115116075 802589 1.212258
1115116076 827797 1.023344
1115116077 852592 0.599317
1115116078 876532 0.336573
1115116079 893106 0.281552
1115116080 925059 6.077530
1115116081 946745 5.885158
1115116082 976279 6.016487
1115116084 724 5.971331
1115116085 22350 6.033437
1115116086 44134 5.316196
1115116087 74175 5.564695
1115116088 98793 5.874183
1115116089 123555 5.937396
1115116090 143504 5.203985
1115116091 164089 5.024562
1115116092 199000 5.455148
1115116093 223579 5.591673
1115116094 243867 5.667161
1115116095 272582 6.046654
1115116096 296954 5.356028
1115116097 313454 6.337845
1115116098 338225 6.146911
1115116099 573917 6.161800
1115116100 900365 6.475975
1115116102 130114 6.319818
1115116103 466713 6.329876
1115116104 696337 5.759462
1115116106 24899 5.998648
1115116107 254763 5.930617
1115116108 592342 6.047099
1115116109 823203 6.263337
1115116111 149273 6.335060
1115116112 378611 6.078547
1115116113 716011 6.084841
1115116114 947441 5.854008
1115116116 273998 5.611715
1115116117 505115 5.637427
1115116118 837185 4.971862
1115116120 73535 4.750463
1115116121 397860 4.677416
1115116122 626959 4.190141
1115116123 966669 4.812848
1115116125 79124 4.025773
1115116126 104026 3.869922
1115116127 138711 3.736847
1115116128 163584 4.131570
1115116129 179303 3.914240
1115116130 203156 3.231350
1115116131 238083 3.100201
1115116132 256814 3.002996
1115116133 278051 3.711034
1115116134 312698 3.108934
1115116135 331418 3.566149
1115116136 352077 3.142526
1115116137 378053 3.100335
1115116138 402004 3.523363
1115116139 430937 3.215771
1115116140 453585 3.119156
1115116141 479426 2.812031
1115116142 501294 3.066902
1115116143 526444 2.786513
1115116144 554960 3.065752
1115116145 575838 2.470017
1115116146 600752 2.509294
1115116147 625748 2.186437
1115116148 650554 1.369294
1115116149 678181 2.292144
1115116150 702024 2.124998
1115116151 728901 1.557953
1115116152 753777 0.818699
1115116153 774558 1.197770
1115116154 800403 1.513470
1115116155 826259 1.559838
1115116156 849318 1.217682
1115116157 874943 1.724618
1115116158 909086 1.109537
1115116159 933923 1.178664
1115116160 951818 0.827264
1115116161 977611 1.575239
1115116163 8480 1.403648
1115116164 23094 0.928763
1115116165 57937 0.822747
1115116166 75898 1.654104
1115116167 98527 1.440618
1115116168 124576 1.723251
1115116169 148258 1.343772
1115116170 172177 1.339758
1115116171 196912 1.147992
1115116172 231839 1.098432
1115116173 250643 1.004325
1115116174 271569 0.885930
1115116175 296457 0.245907
1115116176 321351 0.237118
1115116177 345959 0.642036
1115116178 370901 5.669282
1115116179 395886 5.920731
1115116180 420526 5.813261
1115116181 445507 5.297431
1115116182 474211 4.916289
1115116183 495056 5.070241
1115116184 519817 5.146755
1115116185 547728 5.418934
1115116186 569914 4.914566
1115116187 594493 5.034599
1115116188 622253 5.482837
1115116189 645309 5.768432
1115116190 668827 5.381932
1115116191 694823 6.364759
1115116192 721646 6.496146
1115116193 743390 6.073870
1115116194 770338 5.938127
1115116195 793021 6.406125
1115116196 817948 6.074323
1115116197 846105 6.066006
1115116198 867613 0.184291
1115116199 892488 0.159145
1115116200 921436 -0.145662
1115116201 942257 0.600476
1115116202 967149 0.434350
1115116203 992938 0.680631
1115116205 17769 0.615566
1115116206 42616 0.318012
1115116207 68453 1.299134
1115116208 101621 1.009095
1115116209 116267 0.976351
1115116210 141155 1.255506
1115116211 166024 1.349437
1115116212 190780 1.661161
1115116213 218527 1.833777
1115116214 240407 1.627232
1115116215 266444 1.957397
1115116216 289937 2.479889
1115116217 314910 1.938000
1115116218 340993 2.086058
1115116219 364653 2.641272
1115116220 389511 1.860550
1115116221 414169 2.303738
1115116222 439015 2.136309
1115116223 463863 2.244250
1115116224 490792 2.821477
1115116225 513738 2.402817
1115116226 538465 2.552708
1115116227 563715 2.000641
1115116228 588155 2.849278
1115116229 613395 2.543970
1115116230 850372 2.730604
1115116232 186184 3.585157
1115116233 416261 2.959616
1115116234 738178 3.389071
1115116235 974595 3.407927
1115116237 308105 3.514880
1115116238 541892 3.269124
1115116239 869831 3.616244
1115116241 99557 3.578159
1115116242 438966 3.475765
1115116243 668175 3.306176
1115116244 993665 3.201147
1115116246 223535 2.881418
1115116247 559819 3.241661
1115116248 789761 3.111991
1115116250 117637 3.592033
1115116251 348278 3.361971
1115116252 678822 3.344537
1115116253 916864 2.882706
1115116255 242813 3.104573
1115116256 471681 2.835939
1115116257 809225 3.276620
1115116259 37407 3.203641
1115116260 366726 3.075205
1115116261 595998 3.398862
1115116262 933064 3.878123
1115116264 163054 4.109688
1115116265 487517 4.008933
1115116266 720616 4.376032
1115116268 58573 4.671285
1115116269 289233 4.637854
1115116270 615180 4.456962
1115116271 844867 5.047745
1115116273 184382 4.632053
1115116274 412188 4.878109
1115116275 734039 4.845705
1115116276 963862 5.366806
1115116278 309475 4.599333
1115116279 539585 4.992266
1115116280 863664 5.320582
1115116282 95098 4.892529
1115116283 118682 4.643402
1115116284 143680 4.820208
1115116285 168053 4.993984
1115116286 192856 5.957645
1115116287 218149 5.391242
1115116288 244358 5.638006
1115116289 268025 5.839458
1115116290 292757 5.905305
1115116291 318771 6.063136
1115116292 343211 6.483239
1115116293 361552 -0.081086
1115116294 392109 0.344753
1115116295 417228 0.451099
1115116296 442165 0.039907
1115116297 467300 0.137136
1115116298 491859 0.360903
1115116299 516444 0.017814
1115116300 532375 0.431786
1115116301 566072 0.016478
1115116302 585065 0.376972
1115116303 615528 0.175072
1115116304 640089 6.507924
1115116305 664958 6.054750
1115116306 685573 6.504357
1115116307 715023 6.545345
1115116308 737158 6.250355
