% positionObs.txt
% 
% This file contains position observations taken from within the stage simulation.  The
% observations are decimated and Gaussian noise with standard deviation of 0.5m has been
% added to the true position.
%
% time(s) time(micro-seconds) X(m) Y(m)
%
1115116000 462817 0.106859 0.396263
1115116001 288000 -0.200265 0.301678
1115116002 108423 0.032469 -0.029203
1115116002 926341 -0.818998 -0.554333
1115116003 746034 0.983374 1.072115
1115116004 561256 0.383700 -0.676411
1115116005 386053 0.672983 0.228511
1115116006 205745 1.234324 0.194587
1115116007 25850 -0.477370 1.029507
1115116007 845459 0.302184 -0.184659
1115116008 665356 0.878092 0.682066
1115116009 485327 1.165919 -0.346199
1115116010 305340 0.732424 -0.044203
1115116011 125773 1.258140 0.162400
1115116011 946367 0.587697 -0.766095
1115116012 766044 1.189162 -0.071422
1115116013 583142 1.206143 0.406251
1115116014 400195 1.897478 -0.531619
1115116015 218837 1.202317 0.611785
1115116016 43866 1.055459 -1.136735
1115116016 863795 1.084724 0.476402
1115116017 683791 1.681358 -1.044413
1115116018 502142 1.171097 -1.020175
1115116019 323697 2.340732 -1.733051
1115116020 144915 1.817135 -2.371685
1115116020 963026 1.678327 -1.673709
1115116021 783037 1.430309 -1.340833
1115116022 599520 1.651881 -1.339502
1115116023 423678 2.154851 -2.710425
1115116024 242630 0.352084 -2.954147
1115116025 62585 2.106453 -2.330331
1115116025 882659 1.262771 -2.209513
1115116026 703932 1.444261 -1.148695
1115116027 517768 1.869320 -2.670946
1115116028 342167 1.695225 -2.600208
1115116029 162019 0.558878 -2.457151
1115116029 983428 0.570167 -3.429851
1115116030 801951 1.557793 -3.959803
1115116031 622223 0.758732 -4.431160
1115116032 441248 0.334361 -3.278578
1115116033 373125 0.891431 -3.881428
1115116034 393011 0.774192 -3.585260
1115116035 416905 0.285346 -4.915117
1115116036 448638 0.193081 -4.459616
1115116037 473708 0.767336 -4.211298
1115116038 488375 -0.458119 -5.174990
1115116039 522294 0.968384 -5.739070
1115116040 546595 0.439660 -6.773213
1115116041 562907 -0.262557 -5.537624
1115116042 594441 -0.366511 -5.956207
1115116043 620391 -1.110988 -6.820358
1115116044 644615 -1.467828 -6.243510
1115116045 662966 -1.027242 -5.477751
1115116046 489500 -1.033234 -6.369820
1115116047 301001 -1.082730 -6.404150
1115116048 129261 -2.020228 -5.823010
1115116048 948572 -1.875589 -6.394744
1115116049 762615 -1.420741 -6.950672
1115116050 588458 -1.468837 -6.435171
1115116051 399415 -2.977979 -5.631202
1115116052 227281 -1.828981 -6.325927
1115116053 47034 -3.218790 -4.993158
1115116053 858976 -3.651641 -5.377210
1115116054 686209 -3.173261 -5.258578
1115116055 499718 -3.630148 -4.938655
1115116056 319848 -3.164204 -4.971076
1115116057 144662 -3.532596 -5.015155
1115116057 964395 -4.723044 -4.267346
1115116058 784511 -5.516559 -3.619156
1115116059 596505 -3.751711 -3.242601
1115116060 424363 -4.527499 -4.141404
1115116061 244151 -3.556976 -3.146374
1115116062 57738 -3.199848 -3.824726
1115116062 884248 -4.455544 -2.424752
1115116063 695906 -3.441049 -2.855535
1115116064 524609 -3.839754 -2.485647
1115116065 344299 -4.194464 -1.498406
1115116066 164755 -3.096959 -3.155402
1115116066 985100 -4.119325 -1.820542
1115116067 797266 -3.224100 -2.181246
1115116068 626044 -3.022062 -2.178155
1115116069 446327 -4.838475 -0.871297
1115116070 266910 -2.295227 -1.153288
1115116071 79383 -3.065938 -0.884663
1115116071 899176 -3.192966 -0.431962
1115116072 717959 -4.053585 -0.456675
1115116073 542035 -3.720826 -0.262311
1115116074 367285 -4.191923 0.649031
1115116075 179880 -3.994828 0.030675
1115116075 998740 -3.673474 0.468819
1115116076 827797 -2.729456 1.024650
1115116077 647118 -1.928685 0.492653
1115116078 466823 -1.960016 0.995836
1115116079 286347 -2.623626 1.395785
1115116080 96831 -3.229784 1.197191
1115116080 925059 -1.812500 2.417367
1115116081 746477 -2.030706 0.443877
1115116082 565392 -2.349710 1.556763
1115116083 385852 -0.985985 1.331898
1115116084 197235 -0.713393 0.403058
1115116085 22350 -0.386696 0.378668
1115116085 845169 -0.772132 0.541832
1115116086 656031 -0.682735 0.328829
1115116087 484274 -0.420903 0.114507
1115116088 295182 -0.253161 -0.812294
1115116089 123555 0.071789 0.652303
1115116089 939562 0.949147 -0.625492
1115116090 763922 0.337764 -0.552691
1115116091 583358 0.765334 -0.632464
1115116092 395307 1.652030 -0.484323
1115116093 223579 0.600388 -0.826932
1115116094 42921 1.348056 -1.125280
1115116094 851513 1.302985 -2.068259
1115116095 682278 0.935446 -1.009215
1115116096 493668 0.330071 -0.826151
1115116097 313454 0.624529 -2.442959
1115116098 140238 1.863862 -2.580115
1115116099 55815 1.987531 -1.936355
1115116100 81238 2.379904 -1.933270
1115116101 105084 2.171194 -2.450620
1115116102 130114 3.289561 -2.346320
1115116103 154779 3.579987 -2.095103
1115116104 179712 3.416141 -2.718851
1115116105 204514 4.453881 -1.746480
1115116106 229849 3.553432 -2.098210
1115116107 254763 4.150593 -2.069428
1115116108 275527 4.943169 -1.367071
1115116109 305286 4.818780 -2.574625
1115116110 325257 6.484627 -1.431861
1115116111 354012 7.014312 -1.700499
1115116112 378611 6.783969 -2.337327
1115116113 403360 6.359821 -2.154758
1115116114 428500 7.778396 -1.702215
1115116115 455467 6.540693 -2.399326
1115116116 480284 7.889527 -2.538173
1115116117 505115 10.054262 -2.844623
1115116118 528078 8.917599 -3.396385
1115116119 554809 8.309049 -3.055608
1115116120 579728 9.449382 -3.603860
1115116121 602249 8.918307 -3.627943
1115116122 626959 9.562668 -5.094151
1115116123 651967 8.778561 -4.996433
1115116124 676932 9.480994 -5.279075
1115116125 490870 9.148436 -5.811931
1115116126 317253 8.548937 -5.513596
1115116127 138711 8.057368 -6.072424
1115116127 958526 8.067925 -7.116994
1115116128 776296 7.552587 -6.915501
1115116129 596524 7.301470 -7.144996
1115116130 416549 7.375926 -6.658977
1115116131 238083 6.307730 -7.108386
1115116132 56386 5.986358 -7.893874
1115116132 870967 6.064201 -7.145342
1115116133 690895 5.385595 -6.057945
1115116134 515656 4.684549 -6.923903
1115116135 331418 5.546167 -5.394064
1115116136 155405 4.658162 -7.554469
1115116136 975092 3.687652 -6.997163
1115116137 791209 3.953682 -6.447389
1115116138 609873 3.759073 -5.966698
1115116139 430937 2.343876 -6.932622
1115116140 254527 2.512230 -6.946208
1115116141 74354 1.963156 -6.072370
1115116141 895101 3.105211 -6.661537
1115116142 707375 2.160943 -6.292766
1115116143 526444 2.471378 -6.008618
1115116144 356263 1.884632 -6.392549
1115116145 176119 1.544185 -5.894114
1115116145 994521 0.682308 -5.903425
1115116146 814612 0.907483 -6.754790
1115116147 625748 -0.122468 -6.118596
1115116148 454037 0.002010 -5.322442
1115116149 270465 -0.113800 -6.293813
1115116150 94168 0.191222 -5.401227
1115116150 913968 -0.903434 -5.938943
1115116151 728901 -0.758836 -4.732683
1115116152 552745 -0.001116 -4.142390
1115116153 372682 0.628664 -3.614960
1115116154 192994 0.098247 -3.736998
1115116155 13305 -0.264388 -4.664872
1115116155 826259 -0.007281 -2.038479
1115116156 652454 0.133854 -2.707684
1115116157 472488 1.167955 -1.483952
1115116158 292733 0.260576 -2.572621
1115116159 112950 0.881405 -1.146015
1115116159 933923 0.490196 -1.030165
1115116160 752818 0.246520 -1.235510
1115116161 572107 0.912712 0.513208
1115116162 392223 1.382913 0.612240
1115116163 210216 0.107894 0.309644
1115116164 23094 0.460604 0.239498
1115116164 851732 0.957135 0.810369
1115116165 671132 1.315701 1.200961
1115116166 487640 0.641927 0.882974
1115116167 310988 0.790171 1.367458
1115116168 124576 1.430447 2.576534
1115116168 951010 0.455446 2.641629
1115116169 770409 1.665844 2.608711
1115116170 590153 1.625664 2.364460
1115116171 404929 0.959794 2.834404
1115116172 231839 1.732005 3.810733
1115116173 50281 2.209058 3.833395
1115116173 869592 1.898290 3.828815
1115116174 689622 2.351786 4.399650
1115116175 509540 2.191335 3.254016
1115116176 321351 2.358284 4.844613
1115116177 140933 2.548600 4.257738
1115116177 969073 2.326845 4.101740
1115116178 782694 2.688321 4.572773
1115116179 609591 3.275593 4.519790
1115116180 420526 4.002177 4.604761
1115116181 248946 3.407492 4.428218
1115116182 68206 4.610322 4.402291
1115116182 888744 3.576099 3.451257
1115116183 700929 4.305520 3.222209
1115116184 519817 3.328040 3.279088
1115116185 347831 3.549287 3.444845
1115116186 166595 3.745883 4.197424
1115116186 980443 4.094209 2.801549
1115116187 807598 4.918661 3.382620
1115116188 622253 4.038001 3.713549
1115116189 447617 3.777330 3.989077
1115116190 268787 4.238621 3.086361
1115116191 80815 3.383442 3.523852
1115116191 906832 3.934820 3.639925
1115116192 721646 4.205909 3.607272
1115116193 546493 3.835088 3.761812
1115116194 366350 3.899002 3.524019
1115116195 186201 4.077772 3.227612
1115116196 5752 4.293559 3.377589
1115116196 817948 5.081839 3.571067
1115116197 645538 5.401474 4.240606
1115116198 465438 4.911482 3.764439
1115116199 277548 4.038809 3.599370
1115116200 105277 5.062523 3.730094
1115116200 921436 4.755478 3.846316
1115116201 745462 4.672923 4.536367
1115116202 564819 5.697570 3.819289
1115116203 385665 5.789013 4.514364
1115116204 204981 5.709125 4.024484
1115116205 17769 5.865952 4.394736
1115116205 846697 5.845813 4.437437
1115116206 666556 5.583901 5.215292
1115116207 479509 5.882902 4.058963
1115116208 304616 6.280106 4.292664
1115116209 116267 6.804295 5.178003
1115116209 946290 7.215544 5.699890
1115116210 765943 7.329717 5.588125
1115116211 581051 6.652556 5.683868
1115116212 405695 7.649002 6.807354
1115116213 218527 7.507438 6.032181
1115116214 43185 7.985402 7.025769
1115116214 862886 6.935907 7.856397
1115116215 683002 7.091672 7.353029
1115116216 502748 6.788252 6.819300
1115116217 314910 7.448849 8.384968
1115116218 144840 7.687187 6.641741
1115116218 958707 7.451276 7.097225
1115116219 782265 8.652895 7.267208
1115116220 602068 7.260845 7.375914
1115116221 414169 7.575744 6.708218
1115116222 242022 6.370591 7.069632
1115116223 61512 6.997991 5.954341
1115116223 881710 6.219803 6.989806
1115116224 701638 6.944024 6.765911
1115116225 513738 6.152928 6.509549
1115116226 343573 6.287684 8.114836
1115116227 161071 5.985818 8.503250
1115116227 978239 6.165601 8.091106
1115116228 800601 6.503621 7.606155
1115116229 613395 6.574188 9.520616
1115116230 645274 5.701520 8.268944
1115116231 668661 4.872603 9.031065
1115116232 694919 4.895652 8.550020
1115116233 719938 4.071246 9.260096
1115116234 738178 3.639305 8.712181
1115116235 769650 3.065215 8.237752
1115116236 792881 2.474935 8.437081
1115116237 812768 3.053353 8.268427
1115116238 844337 3.081074 8.952507
1115116239 869831 2.507073 8.516955
1115116240 894541 2.067938 8.238959
1115116241 919568 1.762021 7.611578
1115116242 944045 1.164777 7.320945
1115116243 969087 2.076040 7.914561
1115116244 993665 0.698012 8.191092
1115116246 18594 -0.238198 6.964798
1115116247 37314 -0.027406 6.672921
1115116248 67755 -0.507787 8.128134
1115116249 92663 -0.632747 7.298939
1115116250 117637 -1.117085 6.849001
1115116251 144816 -1.694144 6.630581
1115116252 167623 -2.490878 7.874859
1115116253 192887 -2.196760 8.015082
1115116254 217986 -3.095966 8.134461
1115116255 242813 -2.719888 7.556584
1115116256 261191 -2.568143 7.277629
1115116257 291376 -2.187199 8.302022
1115116258 308579 -3.462116 7.858735
1115116259 340859 -3.866737 6.346677
1115116260 366726 -3.895707 7.205784
1115116261 390951 -4.489608 8.407051
1115116262 415711 -4.203456 6.789421
1115116263 438950 -5.075026 7.181963
1115116264 467497 -5.002633 6.797836
1115116265 487517 -5.462813 7.568277
1115116266 515264 -5.565634 6.497459
1115116267 536312 -5.543585 6.696090
1115116268 565034 -4.899800 6.003063
1115116269 590207 -5.279230 5.982338
1115116270 615180 -6.207844 6.315337
1115116271 639966 -4.340319 5.543457
1115116272 662530 -4.878962 5.171196
1115116273 687352 -5.902385 4.327754
1115116274 714406 -5.225554 3.667957
1115116275 734039 -4.830156 4.201965
1115116276 764138 -5.197807 3.877896
1115116277 789871 -4.737178 3.421871
1115116278 809778 -4.377615 1.946213
1115116279 840640 -3.893269 2.850263
1115116280 863664 -4.975411 2.250699
1115116281 888623 -4.652285 2.377746
1115116282 708830 -4.348686 1.519830
1115116283 528555 -3.831607 1.246860
1115116284 349759 -3.123580 0.557470
1115116285 168053 -2.704863 0.096575
1115116285 987986 -3.175332 0.263361
1115116286 808474 -2.992010 0.951057
1115116287 622354 -3.300404 0.953263
1115116288 447991 -3.092929 -0.765807
1115116289 268025 -3.241066 -0.034371
1115116290 88259 -2.379375 -0.345404
1115116290 907804 -1.781213 -0.360702
1115116291 727530 -1.523024 -0.063595
1115116292 547843 -2.111098 -0.992549
1115116293 361552 -1.664436 -0.981286
1115116294 188262 -1.260636 -0.301521
1115116295 7207 -1.660274 -0.236125
1115116295 827877 -1.085184 -0.431648
1115116296 646972 -0.836344 -0.344432
1115116297 467300 -0.566358 0.286344
1115116298 286937 -0.944985 -0.420107
1115116299 106639 0.229902 -0.142222
1115116299 926495 0.240461 0.344956
1115116300 743234 -1.312967 0.160693
1115116301 566072 -0.670159 0.784448
1115116302 385856 -0.286855 -0.012121
1115116303 201067 -1.130114 -0.004825
1115116304 25275 0.659830 -0.181055
1115116304 842534 -0.007331 -0.266965
1115116305 664958 0.199210 0.476179
1115116306 484317 -0.688706 -0.647920
1115116307 304637 -0.025481 -0.140760
1115116308 124802 0.724435 -1.289794
1115116308 944534 0.239017 0.400039
